0.33764648885186554
0.12750749799958735
0.09425410187369355
0.08675654981189475
0.08460510247864339
0.08394194860575493
0.08371547405140736
0.0836122396182467
0.08353928880286686
0.08347159439113648
0.08340582005317518
0.0833412976957465
0.08327886859186015
0.08321886014094877
0.08316167096980953
0.08310821914548633
0.08305692196906515
0.08300906214612279
0.08296679773639104
0.08292609905930547
0.08288799859895266
0.08285399305879855
0.08282154993234188
0.08279593942535288
0.08276673636068681
0.08274621305907408
0.0827220187896202
0.08270348382314026
0.08268680935653784
0.08267141906922454
0.08265640979227337
0.08264410674030673
0.08263641129323872
0.08262904036009938
0.08261770845358826
0.08260970622667589
0.08260270629751593
0.08260344052823658
0.08259414662963216
0.08259339543883576
0.08258608832115492
0.08258640686592952
0.08258387840904106
0.08257987184346852
0.08257887190489424
0.08258055372024956
0.08257608109625329
0.08257618626234559
0.08257651548224637
0.08257551441052353
