0.6821606124769545
0.44250533022970134
0.264596511036036
0.15770067707735327
0.10786143844165491
0.09056856287540103
0.08552144047407609
0.08416611783440432
0.08379146474519357
0.08364972729911145
0.08356399552791412
0.0834919095432688
0.08342600079717147
0.08336543320246982
0.08330754224085708
0.08325293596108094
0.08319957005790096
0.08314680142307733
0.08309528496693251
0.08304470385370284
0.08299615965857582
0.08294855748141385
0.08290247646019652
0.08285852141141177
0.08282322940090321
0.08278552036597185
0.08275514136556704
0.08273210112431337
0.08271212651427919
0.08269736337205297
0.08268361858980498
0.08267090309653621
0.08265771129077822
0.08264999716223938
0.0826417993402656
0.08263266216291623
0.08262360440503812
0.0826154879468451
0.08260552643179354
0.08259774004800677
0.08259005351751747
0.08258391337565217
0.08257609782722253
0.08257060631692222
0.08256670360781947
0.08255886682988278
0.08255407656515393
0.08255108360405097
0.08253869243894883
0.0825383652562386
0.08253454322669306
0.08253264428645395
0.08252757149621327
0.08252295400258117
0.08251719745317063
0.08251432879165177
0.08250627372781845
0.0825050717048949
0.0824993687602218
0.08249513770739597
0.08249465772301008
0.08249355760295869
0.08249026742256522
0.08248853592205185
0.08249106677527084
0.0824854090265061
0.08248502374980872
0.08248540978193847
0.08247847378588631
0.08247935923930513
0.08247392090648954
0.08247606492260987
0.08247392470841963
0.08246891059422055
0.08246245845259713
0.08242568701449388
0.08206915184975401
0.08197186780251785
0.08193775780216728
0.08191652142813215
0.0819009003624239
0.08188441840723276
0.08186995049045098
0.08185696523971574
0.0818425932442679
0.08183178231982854
0.08182115346697291
0.08180661317110181
0.08180063458030505
0.08178854473983488
0.08178310004157281
0.08177946917356761
0.08176696453880924
0.08175934204050085
0.08175356253709218
0.08174213779908931
0.0817391324414651
0.0817325284084001
0.08172134634375587
0.08171533353558828
0.08170906173796144
0.08170044126396449
0.08169654615562588
0.08168914847894247
0.08168149863026727
0.08167521269305189
0.08166816295179646
0.08166295972563174
0.08165278603935122
0.08164625715323016
0.08163828726749185
0.08163637190588695
0.08162604960376912
0.08162068200914467
0.08161644132146018
0.08160851234052671
0.0816045944329917
0.08159966698917615
0.08159472483300571
0.0815888369064767
0.08158042205869222
0.08157853549020609
0.08157648743257212
0.08156878263548059
0.0815615005337567
0.08156285118490171
0.08155704704325227
0.08155234212999635
0.08154794288201243
0.08154841217269594
0.08153958929236214
0.0815366427965416
0.08153533072198367
0.08152921336073858
0.08152654212713345
0.08152558102521312
0.08152454581661638
0.08151795507173047
0.08151731454558324
0.08151567367837725
0.08150921966674912
0.08151495945423011
0.08150641415813745
0.08150096779420894
0.08150135520097791
0.08149950763633158
0.08149484819143504
0.08149774226520323
0.08149345498839494
0.08149008428014995
0.08149116231309282
0.08148456995207702
0.0814859383496905
0.08148357704769262
0.0814848236225494
0.081483292373533
0.08147867643411011
0.08147622045538405
0.0814728091395535
0.08147475796309685
0.08146709210173238
0.08146606182202219
0.08147101096903801
0.08146455708744332
0.08146619836332583
0.08146570540655633
0.08146548416394696
0.08145969135997504
0.0814602278407944
0.08145887596361981
0.08145785575840515
0.08145754946773423
0.0814547693466036
0.08145361136786367
0.08145320863572503
0.08145661367899014
0.08145132941722427
0.08145019937090557
0.0814512654779244
0.08144939543606923
0.08145137581439393
0.08145233347352414
0.08144730716095001
0.08144695077025244
0.08144341860381994
0.08144283111273985
0.08144184943457573
0.08144576482193884
0.08144109898682755
0.08144005252724223
0.08143718481310987
0.08144168810642168
0.08143931638317241
0.08143667580030661
0.08143255078046267
0.08143902112057556
0.08143669853758234
0.08143640538648086
0.08143083115633677
0.08143299355670863
